         100
  0.99755955    
  0.56682467    
  0.96591532    
  0.74792767    
  0.36739087    
  0.48063689    
  7.37542510E-02
  5.35517931E-03
  0.34708124    
  0.34224379    
  0.21795171    
  0.13316035    
  0.90052450    
  0.38676596    
  0.44548225    
  0.66193217    
  1.61082745E-02
  0.65085483    
  0.64640880    
  0.32298726    
  0.85569239    
  0.40128690    
  0.20687431    
  0.96853942    
  0.59839952    
  0.67298073    
  0.45688230    
  0.33001512    
  0.10038292    
  0.75545329    
  0.60569322    
  0.71904790    
  0.89733458    
  0.65822911    
  0.15071678    
  0.61231488    
  0.97866023    
  0.99914223    
  0.25679797    
  0.55086535    
  0.65904748    
  0.55400509    
  0.97776008    
  0.90192330    
  0.65792465    
  0.72885847    
  0.40245521    
  0.92862761    
  0.14783514    
  0.67452925    
  0.76961428    
  0.33932251    
  0.11581880    
  0.61436915    
  0.82061714    
  0.94709462    
  0.73112863    
  0.49760389    
  0.37480170    
  0.42150581    
  0.55290300    
  0.99791926    
  0.99039471    
  0.74630964    
  0.95375901    
  9.32746530E-02
  0.73402363    
  0.75176162    
  0.94684845    
  0.70617634    
  0.81380963    
  0.55859447    
  6.17055297E-02
  0.48038077    
  0.59768975    
  0.13753188    
  0.58739519    
  0.51996821    
  0.88587832    
  0.30381012    
  0.66965729    
  0.66494006    
  0.50367689    
  0.26157510    
  7.65594840E-02
  0.10124964    
  0.54926568    
  0.37558490    
  1.51494741E-02
  0.79291540    
  0.62087750    
  0.77360356    
  0.95358074    
  0.11424434    
  0.31846261    
  0.59681982    
  4.81528640E-02
  0.11420578    
  0.21596491    
  0.10057336    
