        1000
  0.99755955    
  0.56682467    
  0.96591532    
  0.74792767    
  0.36739087    
  0.48063689    
  7.37542510E-02
  5.35517931E-03
  0.34708124    
  0.34224379    
  0.21795171    
  0.13316035    
  0.90052450    
  0.38676596    
  0.44548225    
  0.66193217    
  1.61082745E-02
  0.65085483    
  0.64640880    
  0.32298726    
  0.85569239    
  0.40128690    
  0.20687431    
  0.96853942    
  0.59839952    
  0.67298073    
  0.45688230    
  0.33001512    
  0.10038292    
  0.75545329    
  0.60569322    
  0.71904790    
  0.89733458    
  0.65822911    
  0.15071678    
  0.61231488    
  0.97866023    
  0.99914223    
  0.25679797    
  0.55086535    
  0.65904748    
  0.55400509    
  0.97776008    
  0.90192330    
  0.65792465    
  0.72885847    
  0.40245521    
  0.92862761    
  0.14783514    
  0.67452925    
  0.76961428    
  0.33932251    
  0.11581880    
  0.61436915    
  0.82061714    
  0.94709462    
  0.73112863    
  0.49760389    
  0.37480170    
  0.42150581    
  0.55290300    
  0.99791926    
  0.99039471    
  0.74630964    
  0.95375901    
  9.32746530E-02
  0.73402363    
  0.75176162    
  0.94684845    
  0.70617634    
  0.81380963    
  0.55859447    
  6.17055297E-02
  0.48038077    
  0.59768975    
  0.13753188    
  0.58739519    
  0.51996821    
  0.88587832    
  0.30381012    
  0.66965729    
  0.66494006    
  0.50367689    
  0.26157510    
  7.65594840E-02
  0.10124964    
  0.54926568    
  0.37558490    
  1.51494741E-02
  0.79291540    
  0.62087750    
  0.77360356    
  0.95358074    
  0.11424434    
  0.31846261    
  0.59681982    
  4.81528640E-02
  0.11420578    
  0.21596491    
  0.10057336    
  7.33417869E-02
  0.24686170    
  0.44338423    
  0.20836753    
  0.56699830    
  2.43123770E-02
  0.42029053    
  0.39785302    
  0.97658539    
  0.69260502    
  4.94331121E-03
  0.12992102    
  4.67772484E-02
  0.83977771    
  0.67848879    
  0.58195078    
  0.73352587    
  0.11604273    
  0.84029961    
  0.83499593    
  0.74653637    
  0.84320086    
  0.52883899    
  0.66548461    
  0.73073655    
  0.41060424    
  0.35572159    
  0.73537701    
  0.47131765    
  0.46262538    
  0.75969166    
  0.70245939    
  0.25796580    
  0.93770498    
  0.45610356    
  0.80848926    
  0.90884805    
  0.69487661    
  0.21948850    
  0.85495454    
  0.74439669    
  0.30111301    
  0.67196852    
  0.61871403    
  0.96757358    
  0.99023926    
  0.33800650    
  0.92076719    
  0.33907330    
  0.93094349    
  0.54652852    
  0.46551257    
  0.17691404    
  0.37799406    
  0.17522061    
  0.35685825    
  0.66567641    
  0.61854923    
  0.46894723    
  0.31625181    
  0.26887989    
  0.19992119    
  0.41542792    
  0.97930288    
  0.54321158    
  0.12951827    
  0.80474162    
  0.84582102    
  0.70903283    
  0.52897322    
  0.66384083    
  0.90073925    
  0.94116426    
  0.11442024    
  0.86666757    
  0.63236803    
  0.24278772    
  0.16039574    
  2.12356448E-02
  0.19025397    
  0.31234008    
  0.80964756    
  0.57371849    
  0.82626063    
  0.28645486    
  0.16051477    
  0.33092409    
  0.26585335    
  0.54478109    
  0.55352026    
  2.16147900E-02
  0.14874804    
  0.10490334    
  0.61421376    
  0.40629095    
  0.90152824    
  0.94283807    
  0.15661985    
  0.93695933    
  0.13547295    
  0.37128216    
  0.32151121    
  0.71496421    
  0.72970772    
  0.37859273    
  0.82893437    
  0.95366436    
  0.30841923    
  0.57974058    
  0.23344886    
  0.84440345    
  0.25813246    
  0.83974361    
  0.53765625    
  0.62157035    
  0.49082470    
  0.28484237    
  0.23555917    
  0.65137988    
  0.60717028    
  0.39814579    
  0.84879464    
  0.63761693    
  0.25882334    
  0.35883099    
  0.56183010    
  0.12146848    
  0.97846937    
  0.38320631    
  0.72069871    
  0.35826397    
  0.90988153    
  0.54368722    
  0.95967537    
  0.92947286    
  0.63332081    
  0.29560894    
  0.17473954    
  0.84257859    
  0.61858964    
  0.70589286    
  0.24243993    
  0.79796100    
  0.39101398    
  0.10995924    
  0.75368792    
  2.97971368E-02
  0.70066077    
  0.52520335    
  0.75255978    
  0.64767784    
  0.87108475    
  0.83072126    
  0.95718044    
  0.22226739    
  0.57949275    
  0.99076051    
  0.83996731    
  0.17480546    
  0.70954174    
  0.30155069    
  2.50415206E-02
  0.91673964    
  0.68880653    
  0.75675780    
  0.93272799    
  5.50099015E-02
  0.49894994    
  5.94989657E-02
  0.17186606    
  0.68836200    
  0.30662054    
  0.73519015    
  0.75216836    
  0.39572102    
  8.77850056E-02
  4.89629507E-02
  0.77936184    
  0.68077666    
  0.31156993    
  0.52276462    
  0.50579643    
  0.43852603    
  0.58763927    
  0.29732519    
  0.29489952    
  7.37844110E-02
  0.97494572    
  0.72816259    
  0.75809038    
  0.30917621    
  0.24649829    
  0.25688726    
  0.61806273    
  0.93778819    
  0.99218237    
  0.22481918    
  0.94728398    
  0.84778535    
  0.70012629    
  0.55444396    
  0.44158387    
  0.24918181    
  0.89766270    
  0.14572978    
  0.43459362    
  0.45737618    
  0.30938053    
  0.48092461    
  0.68974262    
  0.81079882    
  0.39216441    
  0.29314870    
  0.57597804    
  0.72534180    
  0.14277333    
  0.33355546    
  0.16038978    
  0.53459430    
  0.72332525    
  0.22818029    
  0.19900644    
  0.97261959    
  0.99357134    
  8.19519758E-02
  0.25088060    
  0.21584892    
  0.19577712    
  0.85026515    
  4.46823239E-02
  0.86392111    
  6.71337247E-02
  0.42731732    
  0.13731879    
  0.11908746    
  0.30594951    
  0.61323696    
  0.66366327    
  0.89590997    
  0.75367934    
  0.62987047    
  0.22098798    
  0.48383731    
  0.61502033    
  0.98765874    
  0.55918759    
  0.37088400    
  0.33759469    
  0.74542505    
  0.56973487    
  0.45613664    
  0.64818966    
  0.68359607    
  0.17039049    
  0.27306610    
  0.44076246    
  0.45772201    
  0.39525664    
  0.68833417    
  0.29888868    
  0.20522738    
  0.19228423    
  0.41899991    
  0.69064522    
  0.14055544    
  0.14374125    
  0.66246355    
  0.57567519    
  0.77495050    
  0.77529657    
  0.76535410    
  0.87651068    
  9.92137790E-02
  0.33451563    
  0.64509362    
  0.13161814    
  0.80754364    
  0.54187226    
  0.26575255    
  0.45887494    
  0.51092499    
  0.50483423    
  0.96177387    
  0.55023515    
  0.18962878    
  0.20111889    
  0.24873757    
  0.97009140    
  0.77639204    
  0.27270043    
  0.49695069    
  0.39875156    
  0.61329633    
  8.52686167E-02
  0.73700213    
  0.86286920    
  0.34103507    
  0.69444078    
  0.64188319    
  8.54955912E-02
  0.70798421    
  0.59245962    
  0.23278654    
  7.51978159E-02
  0.32433593    
  0.91309148    
  0.20428658    
  0.45276767    
  0.72717333    
  2.83579230E-02
  0.51702982    
  0.76766127    
  0.89436460    
  0.94449002    
  0.28980613    
  0.53146577    
  0.23282558    
  0.31277657    
  0.14152128    
  0.34258085    
  0.15352803    
  0.84921640    
  0.97205079    
  0.44092399    
  0.77444130    
  0.45621431    
  0.86450046    
  0.72797507    
  0.63733584    
  0.72403884    
  0.60421240    
  2.62941718E-02
  0.29276586    
  0.19719166    
  0.94866204    
  0.53184617    
  1.03591681E-02
  0.45213556    
  0.96358287    
  0.98611796    
  0.34091318    
  0.95929134    
  0.32670808    
  0.70423287    
  0.79044765    
  0.72356361    
  0.72895569    
  0.44538188    
  0.38177919    
  0.92222464    
  0.74842328    
  0.42673004    
  0.21742719    
  0.72941351    
  0.79691499    
  0.55842328    
  0.88541669    
  0.38312572    
  0.24079663    
  0.31508321    
  0.43290466    
  4.79825735E-02
  0.42407972    
  0.73732710    
  0.87278563    
  0.30798709    
  0.84331763    
  0.81609207    
  0.40680069    
  0.86498815    
  0.85225046    
  0.51208204    
  0.77641410    
  0.49286002    
  0.20485359    
  0.44513083    
  0.43355459    
  5.47125340E-02
  0.70049608    
  0.91923720    
  0.38901335    
  0.24887824    
  0.36634701    
  0.99866366    
  0.66207916    
  0.17973447    
  0.87237608    
  0.24395752    
  0.11639190    
  0.81821948    
  0.53564030    
  0.98805368    
  0.41630566    
  0.80819798    
  0.23993832    
  0.97025812    
  0.37631816    
  0.63340044    
  0.13689959    
  0.76847243    
  0.10119891    
  0.55194616    
  0.83165163    
  0.37725866    
  0.86776769    
  0.62466222    
  0.55231363    
  0.21161032    
  0.82271969    
  0.36360192    
  0.23052216    
  0.32911432    
  0.68009263    
  0.42904502    
  0.45230484    
  0.92760843    
  0.44623119    
  0.66724914    
  0.78085369    
  0.79082710    
  0.19774020    
  0.25637937    
  0.67680442    
  0.89853090    
  0.37501401    
  2.00365782E-02
  0.40200222    
  0.99096251    
  0.97474951    
  0.97027791    
  0.96883714    
  0.37472695    
  9.72840190E-02
  0.75072342    
  0.82450998    
  0.72444487    
  0.36705232    
  0.62205201    
  0.30632263    
  0.30127692    
  0.67638206    
  0.83006400    
  0.55632371    
  0.55944490    
  0.32780385    
  0.73070413    
  0.15825295    
  0.53287518    
  0.78419435    
  0.21578181    
  0.32531339    
  0.50145024    
  0.22291785    
  0.46649855    
  0.18679875    
  0.19510913    
  0.20691848    
  0.90580583    
  0.79991883    
  0.73494840    
  0.41534805    
  0.81098789    
  0.98837411    
  0.49112022    
  0.21931660    
  0.76188201    
  0.90730870    
  0.58963835    
  0.87061989    
  3.86070609E-02
  0.93803364    
  4.69027758E-02
  0.89708203    
  1.97457671E-02
  0.99924421    
  0.98019677    
  0.61166173    
  0.58756757    
  0.96225375    
  0.89341998    
  0.20221823    
  1.27331614E-02
  0.25499046    
  0.89042807    
  0.26957488    
  0.88901967    
  0.51914388    
  0.36720616    
  0.98382413    
  0.87695140    
  0.68144673    
  0.36246186    
  0.19819081    
  0.18722779    
  0.98765540    
  0.18265831    
  1.18326545E-02
  0.94371748    
  0.49193203    
  0.98052913    
  0.61328417    
  0.36268705    
  0.53237802    
  0.14579380    
  0.13283002    
  0.38118351    
  0.70034134    
  0.54973078    
  0.82557130    
  0.53733933    
  0.66233271    
  5.31691313E-02
  0.17146486    
  0.61865926    
  0.75873268    
  0.91005862    
  0.71400005    
  0.74001199    
  0.35670245    
  0.82186121    
  0.55205560    
  0.65080267    
  0.18756640    
  0.81830919    
  2.23965645E-02
  0.65717900    
  0.11964154    
  0.38535124    
  0.24264497    
  0.96534473    
  0.48529059    
  0.99234962    
  0.28128117    
  0.97842997    
  0.95286900    
  0.24310797    
  0.41662085    
  0.73578066    
  0.19528311    
  0.63934076    
  0.62968040    
  0.10286939    
  0.13874525    
  0.45492131    
  0.98436713    
  0.42491525    
  0.70480430    
  0.36539984    
  0.20037651    
  0.40959120    
  0.23922330    
  0.70500445    
  7.90808201E-02
  0.20381773    
  1.73516273E-02
  0.33431000    
  0.28485727    
  0.84541380    
  0.49443400    
  0.71010834    
  0.25464767    
  0.82272351    
  0.28161466    
  0.62479955    
  0.74580687    
  0.87393457    
  0.12789369    
  0.27918333    
  0.92347616    
  0.98630124    
  0.78929138    
  0.34792668    
  0.76432472    
  0.19309145    
  6.44111633E-02
  4.52206135E-02
  0.14651823    
  0.80690336    
  0.65601879    
  0.24467486    
  0.32436490    
  0.98367333    
  0.61375272    
  0.29252255    
  0.49556196    
  0.73612887    
  3.95326018E-02
  1.56584978E-02
  0.47852361    
  0.77661651    
  0.90692592    
  0.91519362    
  0.33382928    
  0.29931349    
  0.82870221    
  0.45936280    
  1.48442388E-02
  0.33909774    
  5.81974387E-02
  9.27734971E-02
  0.65173107    
  0.39518660    
  0.61992997    
  0.82521993    
  0.33907640    
  0.30846792    
  0.36092108    
  0.41168571    
  0.46094769    
  0.38241297    
  0.64311695    
  0.24165189    
  0.71567804    
  0.85680181    
  0.16394079    
  0.73130405    
  0.50991833    
  0.28016412    
  0.99305624    
  0.76124680    
  3.27188373E-02
  0.70666051    
  0.67208678    
  9.00420547E-02
  0.46119177    
  0.26383841    
  0.35549086    
  0.72313845    
  2.72926688E-02
  0.58483976    
  0.69424504    
  0.11069274    
  0.52625722    
  0.99367684    
  0.72625357    
  0.76048732    
  0.20361817    
  0.86325270    
  0.19249570    
  8.81596804E-02
  0.24128127    
  0.91052318    
  0.82985878    
  7.75457025E-02
  0.87147641    
  0.55719012    
  0.39718699    
  0.99930972    
  0.77001882    
  0.78566146    
  0.75339532    
  0.56022078    
  0.69442344    
  0.87560904    
  1.43370032E-02
  0.28574127    
  0.18132508    
  0.80771559    
  0.55253965    
  0.48583907    
  0.53673893    
  4.53429222E-02
  0.14383858    
  0.78013057    
  0.77062440    
  0.15952867    
  0.46895975    
  0.16301608    
  0.54885256    
  0.30503792    
  0.15441602    
  0.57502097    
  0.14408767    
  0.19329697    
  0.69107962    
  0.95018822    
  0.13141096    
  0.70999414    
  0.37973136    
  0.39798087    
  1.00600719E-03
  0.41318959    
  0.80381328    
  0.87786436    
  0.14078897    
  4.30513024E-02
  0.56564963    
  5.82018495E-02
  0.87135375    
  0.34431624    
  0.48983353    
  0.28221655    
  0.23856288    
  0.54964781    
  0.71387243    
  0.90282685    
  0.75737482    
  0.53922594    
  0.64592129    
  0.77694970    
  0.87901539    
  0.60273886    
  6.15169406E-02
  0.43912083    
  8.70531797E-03
  0.29957509    
  0.97350132    
  0.95517099    
  0.21328753    
  0.67396683    
  0.53615427    
  0.35969776    
  1.37299299E-03
  0.84943634    
  0.42147201    
  0.74784493    
  1.16442442E-02
  0.61436832    
  0.44443595    
  0.66266078    
  0.68874592    
  0.93912619    
  0.71673101    
  0.45166570    
  0.63450593    
  0.22419411    
  0.39816213    
  0.83009762    
  0.13901031    
  0.75593191    
  0.79298925    
  0.22790611    
  0.52808672    
  0.13744986    
  0.17395037    
  0.14752984    
  0.81000984    
  0.25148505    
  0.41005802    
  0.95659661    
  0.71973985    
  0.83538395    
  0.77683342    
  0.53788352    
  0.61128867    
  0.69412291    
  0.60068309    
  9.63486433E-02
  0.54919654    
  0.29289651    
  0.20585644    
  0.84306520    
  0.65149677    
  0.96308321    
  0.60995579    
  0.40388125    
  0.12861454    
  0.13779318    
  0.21512491    
  0.52300966    
  0.70972663    
  0.52238888    
  0.18445575    
  0.86308867    
  0.31430185    
  3.06469202E-03
  0.99957776    
  0.88040036    
  0.24377340    
  0.54392236    
  0.76099467    
  0.68162221    
  0.42131001    
  0.59472990    
  0.44645107    
  0.94449908    
  0.16635460    
  0.97457224    
  8.69115591E-02
  0.15111226    
  0.90990126    
  0.20552802    
  0.22154349    
  0.13414580    
  0.69744641    
  0.97705847    
  2.83646584E-03
  0.49422055    
  0.24765885    
  0.90256745    
  0.10431725    
  0.77522975    
  0.10458124    
  0.62071353    
  0.33433324    
  0.97774100    
  0.69192654    
  0.82767910    
  0.96812773    
  0.27743858    
  0.36605161    
  0.15422428    
  0.98090655    
  0.93174684    
  0.23427552    
  0.12339240    
  0.36622280    
  0.83944625    
  0.12579274    
  0.98997420    
  0.48001122    
  0.96143377    
  0.96053827    
  0.75322777    
  0.64559937    
  0.66488403    
  0.87929314    
  0.72963387    
  0.69627589    
  0.53434777    
  0.74880749    
  0.82675982    
  4.12881374E-03
  0.22487938    
  0.41411245    
  0.62865925    
  4.87543941E-02
  0.66319990    
  0.17783284    
  0.58209974    
  0.96103287    
  0.28601801    
  0.28004134    
  0.87829900    
  0.67698485    
  0.23619807    
  0.18641293    
  6.20779991E-02
  0.16688317    
  0.21365368    
  0.42666978    
  9.67233181E-02
  0.23501956    
  0.12971622    
  0.94289422    
  0.33554262    
  6.97756410E-02
  0.49261701    
  0.69665712    
  0.74229497    
  0.12164938    
  0.54147750    
  0.45072508    
  0.68516010    
  0.83395845    
  0.93213743    
  0.76648194    
  0.59354550    
  0.40472859    
  0.99969870    
  0.13471580    
  0.36013955    
  0.11287636    
  0.63168091    
  0.15591949    
  0.40418530    
  0.18541676    
  0.68529135    
  0.61260921    
  0.24445158    
  0.14472377    
  0.71799564    
  0.81986517    
  0.11869967    
  0.12675965    
  0.28634310    
  0.98675388    
  0.24547464    
  0.48913181    
  2.96944976E-02
  0.23496360    
  0.45377314    
  0.28838009    
  0.71506637    
  0.43590504    
  0.61160815    
  0.56198400    
  0.34317261    
  0.77158982    
  0.49813592    
  0.45379245    
  0.69564658    
  0.18146807    
  0.44139034    
  0.43675929    
  5.87506294E-02
  0.36885226    
  0.43084687    
  0.19865537    
  0.39499575    
